[1.422000025286252e-06,
3.213000013602141e-06,
4.455999999208871e-06,
5.033000036291924e-06,
8.041000000957865e-06,
2.851799996506088e-05,
3.461599999354803e-05,
7.29429999637432e-05,
0.00014722199995276242,
 0.00030260099998713486,
 0.0005004679999842665,
 0.0009447470000054636,
 0.0030517479999616626,
 0.002843038999969849,
 0.005852965999963544,
 0.009401705000016136,
 0.020511494000004404,
 0.043421215999956075,
 0.08875368399998251,
 0.1630568100000005,
 0.30413552599998184,
 0.5912966810000171,
 1.1950387109999951,
 2.4087879140000155,
 4.788714626000001,
 9.502578556999993,
 19.020255984000016,
 38.00046296300002,
 76.19062080800006]